+-------+---+---+---+---+---+---+---+---+
|quiz_id| 20| 30| 40| 50| 60| 70| 80| 90|
+-------+---+---+---+---+---+---+---+---+
|      1|  1|  3| 12| 23| 10|  1|  1|  1|
|      2|  1|  2| 14| 24| 14|  1|  2|  1|
|      3|  1|  3| 12| 29| 14|  3|  1|  1|
|      4|  1|  4| 11| 25| 15|  4|  2|  1|
|      5|  1|  3|  8| 19| 22|  1|  1|  1|
|      6|  1|  4| 12| 23| 13|  1|  1|  1|
|      7|  1|  2| 12| 22|  8|  3|  1|  1|
|      8|  1|  3| 10| 13|  6|  8|  2|  1|
|      9|  2|  3| 14| 19| 18|  1|  1|  1|
|     10|  1|  6| 12| 27| 15|  2|  1|  1|
+-------+---+---+---+---+---+---+---+---+

